0.031250 0.031250 0.000000
0.031250 0.093750 0.000000
0.031250 0.156250 0.000000
0.031250 0.218750 0.000000
0.031250 0.281250 0.000000
0.031250 0.343750 0.000000
0.031250 0.406250 0.000000
0.031250 0.468750 0.000000
0.031250 0.531250 0.000000
0.031250 0.593750 0.000000
0.031250 0.656250 0.000000
0.031250 0.718750 0.000000
0.031250 0.781250 0.000000
0.031250 0.843750 0.000000
0.031250 0.906250 0.000000
0.031250 0.968750 0.000000
0.093750 0.031250 0.000000
0.093750 0.093750 0.000000
0.093750 0.156250 0.000000
0.093750 0.218750 0.000000
0.093750 0.281250 0.000000
0.093750 0.343750 0.000000
0.093750 0.406250 0.000000
0.093750 0.468750 0.000000
0.093750 0.531250 0.000000
0.093750 0.593750 0.000000
0.093750 0.656250 0.000000
0.093750 0.718750 0.000000
0.093750 0.781250 0.000000
0.093750 0.843750 0.000000
0.093750 0.906250 0.000000
0.093750 0.968750 0.000000
0.156250 0.031250 0.000000
0.156250 0.093750 0.000000
0.156250 0.156250 0.000000
0.156250 0.218750 0.000000
0.156250 0.281250 0.000000
0.156250 0.343750 0.000000
0.156250 0.406250 0.000000
0.156250 0.468750 0.000000
0.156250 0.531250 0.000000
0.156250 0.593750 0.000000
0.156250 0.656250 0.000000
0.156250 0.718750 0.000000
0.156250 0.781250 0.000000
0.156250 0.843750 0.000000
0.156250 0.906250 0.000000
0.156250 0.968750 0.000000
0.218750 0.031250 0.000000
0.218750 0.093750 0.000000
0.218750 0.156250 0.000000
0.218750 0.218750 0.000000
0.218750 0.281250 0.000000
0.218750 0.343750 0.000000
0.218750 0.406250 0.000000
0.218750 0.468750 0.000000
0.218750 0.531250 0.000000
0.218750 0.593750 0.000000
0.218750 0.656250 0.000000
0.218750 0.718750 0.000000
0.218750 0.781250 0.000000
0.218750 0.843750 0.000000
0.218750 0.906250 0.000000
0.218750 0.968750 0.000000
0.281250 0.031250 0.000000
0.281250 0.093750 0.000000
0.281250 0.156250 0.000000
0.281250 0.218750 0.000000
0.281250 0.281250 0.000000
0.281250 0.343750 0.000000
0.281250 0.406250 0.000000
0.281250 0.468750 0.000000
0.281250 0.531250 0.000000
0.281250 0.593750 0.000000
0.281250 0.656250 0.000000
0.281250 0.718750 0.000000
0.281250 0.781250 0.000000
0.281250 0.843750 0.000000
0.281250 0.906250 0.000000
0.281250 0.968750 0.000000
0.343750 0.031250 0.000000
0.343750 0.093750 0.000000
0.343750 0.156250 0.000000
0.343750 0.218750 0.000000
0.343750 0.281250 0.000000
0.343750 0.343750 0.000000
0.343750 0.406250 0.000000
0.343750 0.468750 0.000000
0.343750 0.531250 0.000000
0.343750 0.593750 0.000000
0.343750 0.656250 0.031494
0.343750 0.718750 0.328607
0.343750 0.781250 0.328607
0.343750 0.843750 0.031494
0.343750 0.906250 0.000000
0.343750 0.968750 0.000000
0.406250 0.031250 0.000000
0.406250 0.093750 0.000000
0.406250 0.156250 0.000000
0.406250 0.218750 0.000000
0.406250 0.281250 0.000000
0.406250 0.343750 0.000000
0.406250 0.406250 0.000000
0.406250 0.468750 0.000000
0.406250 0.531250 0.000000
0.406250 0.593750 0.031494
0.406250 0.656250 0.803628
0.406250 0.718750 1.000000
0.406250 0.781250 1.000000
0.406250 0.843750 0.803628
0.406250 0.906250 0.031494
0.406250 0.968750 0.000000
0.468750 0.031250 0.000000
0.468750 0.093750 0.000000
0.468750 0.156250 0.000000
0.468750 0.218750 0.000000
0.468750 0.281250 0.000000
0.468750 0.343750 0.000000
0.468750 0.406250 0.000000
0.468750 0.468750 0.000000
0.468750 0.531250 0.000000
0.468750 0.593750 0.328607
0.468750 0.656250 1.000000
0.468750 0.718750 1.000000
0.468750 0.781250 1.000000
0.468750 0.843750 1.000000
0.468750 0.906250 0.328607
0.468750 0.968750 0.000000
0.531250 0.031250 0.000000
0.531250 0.093750 0.000000
0.531250 0.156250 0.000000
0.531250 0.218750 0.000000
0.531250 0.281250 0.000000
0.531250 0.343750 0.000000
0.531250 0.406250 0.000000
0.531250 0.468750 0.000000
0.531250 0.531250 0.000000
0.531250 0.593750 0.328607
0.531250 0.656250 1.000000
0.531250 0.718750 1.000000
0.531250 0.781250 1.000000
0.531250 0.843750 1.000000
0.531250 0.906250 0.328607
0.531250 0.968750 0.000000
0.593750 0.031250 0.000000
0.593750 0.093750 0.000000
0.593750 0.156250 0.000000
0.593750 0.218750 0.000000
0.593750 0.281250 0.000000
0.593750 0.343750 0.000000
0.593750 0.406250 0.000000
0.593750 0.468750 0.000000
0.593750 0.531250 0.000000
0.593750 0.593750 0.031494
0.593750 0.656250 0.803628
0.593750 0.718750 1.000000
0.593750 0.781250 1.000000
0.593750 0.843750 0.803628
0.593750 0.906250 0.031494
0.593750 0.968750 0.000000
0.656250 0.031250 0.000000
0.656250 0.093750 0.000000
0.656250 0.156250 0.000000
0.656250 0.218750 0.000000
0.656250 0.281250 0.000000
0.656250 0.343750 0.000000
0.656250 0.406250 0.000000
0.656250 0.468750 0.000000
0.656250 0.531250 0.000000
0.656250 0.593750 0.000000
0.656250 0.656250 0.031494
0.656250 0.718750 0.328607
0.656250 0.781250 0.328607
0.656250 0.843750 0.031494
0.656250 0.906250 0.000000
0.656250 0.968750 0.000000
0.718750 0.031250 0.000000
0.718750 0.093750 0.000000
0.718750 0.156250 0.000000
0.718750 0.218750 0.000000
0.718750 0.281250 0.000000
0.718750 0.343750 0.000000
0.718750 0.406250 0.000000
0.718750 0.468750 0.000000
0.718750 0.531250 0.000000
0.718750 0.593750 0.000000
0.718750 0.656250 0.000000
0.718750 0.718750 0.000000
0.718750 0.781250 0.000000
0.718750 0.843750 0.000000
0.718750 0.906250 0.000000
0.718750 0.968750 0.000000
0.781250 0.031250 0.000000
0.781250 0.093750 0.000000
0.781250 0.156250 0.000000
0.781250 0.218750 0.000000
0.781250 0.281250 0.000000
0.781250 0.343750 0.000000
0.781250 0.406250 0.000000
0.781250 0.468750 0.000000
0.781250 0.531250 0.000000
0.781250 0.593750 0.000000
0.781250 0.656250 0.000000
0.781250 0.718750 0.000000
0.781250 0.781250 0.000000
0.781250 0.843750 0.000000
0.781250 0.906250 0.000000
0.781250 0.968750 0.000000
0.843750 0.031250 0.000000
0.843750 0.093750 0.000000
0.843750 0.156250 0.000000
0.843750 0.218750 0.000000
0.843750 0.281250 0.000000
0.843750 0.343750 0.000000
0.843750 0.406250 0.000000
0.843750 0.468750 0.000000
0.843750 0.531250 0.000000
0.843750 0.593750 0.000000
0.843750 0.656250 0.000000
0.843750 0.718750 0.000000
0.843750 0.781250 0.000000
0.843750 0.843750 0.000000
0.843750 0.906250 0.000000
0.843750 0.968750 0.000000
0.906250 0.031250 0.000000
0.906250 0.093750 0.000000
0.906250 0.156250 0.000000
0.906250 0.218750 0.000000
0.906250 0.281250 0.000000
0.906250 0.343750 0.000000
0.906250 0.406250 0.000000
0.906250 0.468750 0.000000
0.906250 0.531250 0.000000
0.906250 0.593750 0.000000
0.906250 0.656250 0.000000
0.906250 0.718750 0.000000
0.906250 0.781250 0.000000
0.906250 0.843750 0.000000
0.906250 0.906250 0.000000
0.906250 0.968750 0.000000
0.968750 0.031250 0.000000
0.968750 0.093750 0.000000
0.968750 0.156250 0.000000
0.968750 0.218750 0.000000
0.968750 0.281250 0.000000
0.968750 0.343750 0.000000
0.968750 0.406250 0.000000
0.968750 0.468750 0.000000
0.968750 0.531250 0.000000
0.968750 0.593750 0.000000
0.968750 0.656250 0.000000
0.968750 0.718750 0.000000
0.968750 0.781250 0.000000
0.968750 0.843750 0.000000
0.968750 0.906250 0.000000
0.968750 0.968750 0.000000
